8589722
8589723
8595416
8605116
8621452
8622978
8625410
8636252
8637912
8640236
8644702
8644703
8649785
8651278
8659522
8659549
8661102
8666397
8670333
8673131
8673132
8674108
8675707
8678979
8682510
8689689
8692963
8696339
8700509
8723064
8733131
8751855
8755645
8755918
8758207
8776595
8782829
8786135
8789439
8790412
8808605
8808606
8812423
8824873
8825052
8825599
8828602
8833159
8841191
8843193
8843194
8845838
8871666
8892662
8894695
8898652
8917548
8929264
8929413
8931695
8931701
8931709
8938427
8944023
8944024
8954016
8956035
8968716
8968760
9012404
9012409
9019400
9020847
9028321
9050866
9050868
9056547
9063749
9066888
9069115
9072974
9083764
9090524
9122265
9138149
9144439
9144525
9145677
9174057
9182899
9195227
9218625
9222760
9223307
9223312
9241281
9241282
9245987
9271438
9272171
