10021369
10051005
10051007
100562
10064668
10071185
10071193
10072428
10077614
10077651
10078732
10078749
10083733
10083734
10085150
10090880
10090885
10090890
10094552
10094559
10190331
10190819
10192393
10192399
10194428
10196379
10196381
10198641
10200300
10205262
10208645
10208848
10210128
10213492
10220405
102474
10323252
10323740
10330348
10330430
10353787
10364518
10364520
10364521
10364525
10366443
10369860
10369870
10369876
10377440
10381492
10382909
10382910
10398279
10398436
10403837
10404839
10406661
10408771
10408776
10411929
10417279
10417280
10417286
10425038
10426139
10426999
10429004
10430841
10430930
10434119
10441329
10441343
10441571
10441573
10446987
10447258
10447259
10449429
10449794
10465113
10466420
10470088
10470286
10471457
10472529
10480214
10480348
10484765
10484772
10484981
10487695
10487710
10500204
10502833
10519880
10521293
10528243
10528853
10528860
10533031
10533068
10541953
10543403
10545613
10554035
10556283
10556285
10556298
10557309
10557317
1056013
10571943
10571950
10577908
10581027
10589394
10590055
10593994
10594001
10598803
10598815
10602116
10607954
10612394
10615125
10618304
10631148
10633128
10636421
10639175
10662807
10677309
10698963
10699184
10706858
10709732
10712201
10712209
10712225
10716718
10721669
10724160
10724175
10732811
10732816
10735274
10736265
10737119
10737980
10737981
10742101
10746568
10747931
10766245
10767313
10767326
10767339
10767343
10767347
10777718
107868
10788334
10790204
10797418
10798358
10802660
10802667
10802668
10802669
10807385
10807793
10814710
10817650
10818206
10827108
10827109
10830910
10830915
10839544
10842298
10861282
10861298
10874302
10875918
10878391
10888879
10891444
10911990
10915770
10915776
10923035
10924409
10930361
10930571
10932179
10943845
10947987
10958786
10976074
10982189
10987655
1127526
1146783
116187
1201235
1222588
122435
1248000
126380
1269174
1279971
1282899
1301146
1301161
1301187
1301189
1301190
1301200
1301201
1301937
1301938
1302003
1302008
1302022
1302032
1303170
1303171
1303173
1303277
1307230
1307245
1307253
1311721
1313112
1315306
1316718
1317264
1319059
1319838
1322637
1323345
1324223
1325652
1327525
1334370
133535
1338764
1338904
1338906
1345170
1346773
1346924
1347968
1349199
1351034
1352883
1353340
1357962
1358807
1361100
1361318
1376553
1380672
1384323
1384324
1409710
1424237
144081
1468459
1483696
1505217
1505982
1517503
1562739
1577476
1577763
1610789
161677
1655284
1671851
1671881
1673289
1676565
1678319
1679035
1682919
1684088
1684569
1707231
1709636
1717985
1731805
1733838
1769645
1776638
1831007
1833974
1897530
1937471
1939657
1968617
1973404
1975560
1978564
1981994
1999339
1999552
2006152
2008213
2016095
2037285
2055114
2071157
2161209
2180286
218453
2209091
2215607
2220826
2241452
2253937
2253938
2303408
2309142
2309698
2310692
2316519
23402
2352258
2355960
2390095
2393028
2404853
2450401
2491010
2544995
2562820
2563633
2568588
2569949
2571579
2575071
2575483
2591962
2601691
2651669
2703233
2729274
2760209
2773936
2786201
2792129
2817003
2828430
2835825
2852474
2862466
2884570
2886237
2894613
2895982
2910902
2912069
2912886
2927388
2963536
2989709
2995231
3012567
3014348
3029599
3032521
313733
3162536
3169738
318684
3198117
3258663
3343337
3346017
3346018
3347839
3348216
3354603
3362213
3377761
3393536
3417303
3422216
3455778
3464560
3480530
3524231
3563511
3565372
3572301
3578281
3591825
3600793
3600794
3615198
3659917
3674116
3678494
3718019
3789016
3856322
3862128
3876122
4019732
409732
492335
492812
495634
511159
523196
6086495
6087154
6101415
6103091
624546
6337374
6387532
6453040
6524872
6540752
6585184
6604602
6618488
6650504
6783144
6859721
6902670
7055648
7076260
7106752
7166314
7191069
7202134
7298854
7315872
7316485
7390473
7422429
7437512
7444053
7450778
7458742
7479827
7481765
7490097
7493024
7523157
7535801
7543316
7545954
7550229
7550230
7550349
7568002
7573040
7574457
7579347
7581380
7586656
7599636
7605382
7607677
7611277
7617034
7630639
7652577
7663517
7668252
7696601
7717396
7726234
7759075
7759076
7759106
7761412
7762560
7767095
7769092
777027
7790377
7795591
7795596
7795652
7795653
7802009
7811247
7814011
7815415
7825578
7825586
7833921
7857677
7858169
7874117
7874163
7894491
7894493
7909252
7937795
7939630
7951315
7951316
7951327
7959759
7959767
7962532
7964884
7981671
7991123
8002973
8004674
8012387
8023850
8071955
8071957
8075631
8084618
8088831
8098180
8098245
8101038
8104633
8111379
8113388
8116611
8128954
8162051
8162071
8178825
8187068
8188241
8195156
8198124
8198128
8209890
8240110
8244393
8252631
8258524
8259519
8266996
8279472
8281142
8281152
8282802
8301658
8302543
8304342
8307570
8314592
8317477
8326491
8346255
8364574
8370681
8375105
8401501
8408659
8434621
8440142
8441467
8460149
8466512
8471773
8477262
8499920
8500791
8522307
8528198
8528199
8528200
8530105
8531967
8533757
8533762
8533768
8551426
8554067
8563759
8566952
8566965
8571951
8571953
8575748
8589715
8589721

